Ra = 2.4935;
Jm = 100000;
Ke = 2045.8;
Km = Ke;
Ml = 0;
Mf = 1227.48;
Mf = 0;