---- Capture ----
ID: 24
rvec: -3.00932, -0.0687891, -0.404674
tvec: -0.0893737, -0.0133931, 0.604458

ID: 20
rvec: -3.22283, -0.0444061, -0.0870376
tvec: -0.0944825, 0.140494, 0.605655

