---- Capture ----
ID: 31
rvec: 3.11495, 0.0057026, -0.00993241
tvec: 0.0993779, 0.0741715, 0.284096

ID: 34
rvec: 3.13971, 0.0414933, 0.0890102
tvec: -0.120776, 0.0722064, 0.277229

ID: 20
rvec: -1.18492, 1.16724, -1.2816
tvec: -0.21997, 0.073849, 0.495267

